231
148
35
18
83
126
59
41
236
241
25
117
221
74
237
63
145
70
174
129
12
188
79
131
147
119
95
186
151
49
77
201
220
60
229
203
106
115
161
228
52
2
233
244
258
67
205
29
184
202
28
21
208
56
45
75
158
170
121
9
211
11
30
196
39
116
61
215
127
48
223
81
97
218
93
86
163
141
263
181
198
4
17
262
38
226
85
157
206
204
42
43
1
144
123
32
27
171
139
191
253
143
142
232
14
227
149
166
209
212
245
68
100
132
44
91
62
102
128
5
264
217
173
192
247
255
125
19
31
76
230
82
240
34
36
89
7
164
50
168
225
178
16
72
259
219
265
175
138
235
71
140
130
239
112
248
47
176
33
165
222
153
180
238
137
3
13
182
169
108
120
64
20
210
73
154
15
160
172
114
197
242
124
57
207
251
109
159
246
69
152
213
58
190
99
107
113
200
54
224
135
10
193
254
156
234
256
136
194
150
23
187
260
55
146
92
133
122
96
65
53
101
214
216
134
250
22
94
84
98
249
87
155
51
37
167
46
90
179
195
185
80
177
183
189
6
24
162
26
88
252
243
66
78
40
118
261
257
111
8