52
74
250
28
122
46
42
51
185
218
190
150
94
80
131
135
259
86
124
204
154
79
215
39
233
155
56
148
64
240
53
48
139
258
44
71
221
24
163
211
238
239
244
198
49
222
33
78
66
75
151
229
264
157
27
23
65
246
127
255
84
5
132
207
62
253
227
8
76
30
68
242
220
146
101
171
247
248
12
202
96
231
234
181
257
191
34
89
116
159
188
11
152
232
37
69
91
97
123
210
173
1
141
144
177
249
213
83
212
54
4
119
174
237
243
235
85
117
108
25
82
224
195
22
241
72
88
138
184
112
63
209
121
50
99
111
70
140
208
10
19
178
262
26
216
168
133
7
192
149
156
60
217
67
265
134
109
137
38
73
164
200
158
225
153
182
9
41
226
17
203
219
16
43
186
18
98
180
172
166
3
254
115
196
15
252
58
45
61
165
256
128
90
100
129
261
77
32
126
31
162
183
6
187
114
21
87
193
47
130
245
251
143
260
13
102
189
92
95
194
120
197
263
145
179
40
57
35
167
14
113
125
81
169
147
205
20
59
230
136
175
142
170
55
36
106
93
214
236
228
29
206
107
161
223
118
160
201